456.000000,328.000000,490.000000,418.000000,
453.000000,323.000000,490.000000,418.000000,
455.000000,323.000000,490.000000,419.000000,
456.000000,323.000000,491.000000,416.000000,
457.000000,324.000000,491.000000,417.000000,
453.000000,329.000000,491.000000,415.000000,
454.000000,323.000000,491.000000,419.000000,
453.000000,323.000000,490.000000,416.000000,
452.000000,323.000000,490.000000,419.000000,
452.000000,323.000000,491.000000,418.000000,
450.000000,322.000000,491.000000,420.000000,
449.000000,323.000000,489.000000,419.000000,
447.000000,322.000000,490.000000,420.000000,
448.000000,323.000000,500.000000,420.000000,
445.000000,322.000000,498.000000,420.000000,
446.000000,320.000000,488.000000,420.000000,
443.000000,320.000000,495.000000,415.000000,
444.000000,322.000000,488.000000,416.000000,
448.000000,322.000000,487.000000,419.000000,
450.000000,324.000000,487.000000,417.000000,
447.000000,322.000000,487.000000,419.000000,
444.000000,322.000000,486.000000,419.000000,
446.000000,322.000000,487.000000,416.000000,
451.000000,323.000000,488.000000,418.000000,
455.000000,322.000000,489.000000,418.000000,
464.000000,323.000000,491.000000,417.000000,
467.000000,322.000000,490.000000,418.000000,
474.000000,365.000000,508.000000,418.000000,
476.000000,372.000000,488.000000,417.000000,
NaN,NaN,NaN,NaN,
NaN,NaN,NaN,NaN,
NaN,NaN,NaN,NaN,
NaN,NaN,NaN,NaN,
452.000000,381.000000,502.000000,408.000000,
453.000000,356.000000,472.000000,413.000000,
452.000000,331.000000,475.000000,406.000000,
454.000000,329.000000,486.000000,414.000000,
464.000000,328.000000,486.000000,413.000000,
465.000000,322.000000,487.000000,411.000000,
439.000000,339.000000,487.000000,386.000000,
NaN,NaN,NaN,NaN,
NaN,NaN,NaN,NaN,
446.000000,377.000000,468.000000,411.000000,
436.000000,321.000000,473.000000,415.000000,
436.000000,330.000000,474.000000,415.000000,
437.000000,329.000000,482.000000,415.000000,
439.000000,325.000000,484.000000,416.000000,
436.000000,322.000000,489.000000,418.000000,
435.000000,321.000000,490.000000,422.000000,
435.000000,324.000000,488.000000,415.000000,
437.000000,324.000000,488.000000,413.000000,
438.000000,324.000000,489.000000,421.000000,
439.000000,323.000000,489.000000,416.000000,
436.000000,324.000000,488.000000,417.000000,
440.000000,324.000000,487.000000,421.000000,
442.000000,324.000000,488.000000,421.000000,
436.000000,324.000000,488.000000,422.000000,
440.000000,325.000000,488.000000,415.000000,
439.000000,326.000000,490.000000,415.000000,
441.000000,327.000000,487.000000,421.000000,
446.000000,326.000000,488.000000,423.000000,
443.000000,327.000000,489.000000,424.000000,
445.000000,327.000000,491.000000,420.000000,
444.000000,328.000000,487.000000,425.000000,
443.000000,327.000000,478.000000,425.000000,
445.000000,329.000000,475.000000,426.000000,
443.000000,328.000000,471.000000,405.000000,
436.000000,330.000000,488.000000,412.000000,
440.000000,332.000000,486.000000,415.000000,
439.000000,339.000000,485.000000,411.000000,
433.000000,337.000000,472.000000,420.000000,
NaN,NaN,NaN,NaN,
468.000000,337.000000,489.000000,407.000000,
460.000000,331.000000,492.000000,402.000000,
454.000000,329.000000,491.000000,399.000000,
450.000000,322.000000,490.000000,404.000000,
453.000000,325.000000,490.000000,411.000000,
443.000000,327.000000,491.000000,411.000000,
450.000000,323.000000,491.000000,417.000000,
446.000000,322.000000,490.000000,415.000000,
445.000000,322.000000,490.000000,415.000000,
449.000000,325.000000,490.000000,415.000000,
447.000000,324.000000,490.000000,420.000000,
449.000000,324.000000,489.000000,414.000000,
443.000000,325.000000,490.000000,413.000000,
444.000000,325.000000,489.000000,416.000000,
444.000000,323.000000,489.000000,420.000000,
443.000000,324.000000,492.000000,418.000000,
444.000000,323.000000,492.000000,418.000000,
443.000000,324.000000,491.000000,417.000000,
447.000000,322.000000,493.000000,414.000000,
449.000000,324.000000,491.000000,420.000000,
446.000000,320.000000,490.000000,413.000000,
447.000000,320.000000,490.000000,411.000000,
448.000000,320.000000,490.000000,416.000000,
447.000000,319.000000,491.000000,421.000000,
450.000000,320.000000,492.000000,414.000000,
447.000000,319.000000,489.000000,415.000000,
449.000000,320.000000,490.000000,415.000000,
447.000000,320.000000,490.000000,418.000000,
445.000000,322.000000,491.000000,418.000000,
447.000000,322.000000,490.000000,422.000000,
445.000000,322.000000,491.000000,415.000000,
447.000000,322.000000,489.000000,421.000000,
444.000000,322.000000,490.000000,416.000000,
446.000000,324.000000,490.000000,424.000000,
445.000000,325.000000,492.000000,419.000000,
443.000000,321.000000,489.000000,412.000000,
444.000000,324.000000,489.000000,417.000000,
446.000000,322.000000,488.000000,418.000000,
446.000000,322.000000,489.000000,421.000000,
446.000000,324.000000,490.000000,419.000000,
448.000000,322.000000,492.000000,415.000000,
447.000000,321.000000,490.000000,417.000000,
452.000000,323.000000,490.000000,414.000000,
452.000000,323.000000,492.000000,422.000000,
453.000000,322.000000,490.000000,416.000000,
457.000000,323.000000,491.000000,415.000000,
458.000000,324.000000,492.000000,416.000000,
459.000000,321.000000,491.000000,418.000000,
461.000000,322.000000,490.000000,418.000000,
462.000000,321.000000,491.000000,417.000000,
463.000000,321.000000,491.000000,417.000000,
464.000000,321.000000,490.000000,416.000000,
467.000000,323.000000,490.000000,414.000000,
468.000000,329.000000,491.000000,413.000000,
472.000000,331.000000,490.000000,414.000000,
473.000000,332.000000,491.000000,414.000000,
476.000000,334.000000,490.000000,410.000000,
478.000000,338.000000,490.000000,412.000000,
477.000000,374.000000,488.000000,411.000000,
NaN,NaN,NaN,NaN,
477.000000,386.000000,488.000000,410.000000,
NaN,NaN,NaN,NaN,
NaN,NaN,NaN,NaN,
478.000000,362.000000,490.000000,413.000000,
NaN,NaN,NaN,NaN,
NaN,NaN,NaN,NaN,
NaN,NaN,NaN,NaN,
NaN,NaN,NaN,NaN,
NaN,NaN,NaN,NaN,
NaN,NaN,NaN,NaN,
NaN,NaN,NaN,NaN,
NaN,NaN,NaN,NaN,
NaN,NaN,NaN,NaN,
NaN,NaN,NaN,NaN,
NaN,NaN,NaN,NaN,
NaN,NaN,NaN,NaN,
NaN,NaN,NaN,NaN,
NaN,NaN,NaN,NaN,
NaN,NaN,NaN,NaN,
NaN,NaN,NaN,NaN,
NaN,NaN,NaN,NaN,
NaN,NaN,NaN,NaN,
NaN,NaN,NaN,NaN,
476.000000,366.000000,487.000000,411.000000,
473.000000,330.000000,487.000000,413.000000,
470.000000,330.000000,496.000000,413.000000,
461.000000,333.000000,488.000000,411.000000,
462.000000,330.000000,487.000000,411.000000,
461.000000,331.000000,488.000000,412.000000,
457.000000,330.000000,488.000000,413.000000,
457.000000,329.000000,487.000000,408.000000,
456.000000,329.000000,486.000000,413.000000,
457.000000,328.000000,487.000000,412.000000,
456.000000,325.000000,489.000000,408.000000,
454.000000,325.000000,487.000000,414.000000,
456.000000,329.000000,486.000000,413.000000,
459.000000,328.000000,488.000000,415.000000,
456.000000,329.000000,489.000000,414.000000,
456.000000,328.000000,488.000000,417.000000,
457.000000,328.000000,489.000000,418.000000,
456.000000,323.000000,489.000000,415.000000,
456.000000,329.000000,489.000000,416.000000,
451.000000,328.000000,488.000000,416.000000,
457.000000,328.000000,489.000000,419.000000,
458.000000,329.000000,490.000000,420.000000,
454.000000,325.000000,488.000000,418.000000,
458.000000,325.000000,490.000000,417.000000,
458.000000,321.000000,490.000000,419.000000,
457.000000,323.000000,490.000000,418.000000,
458.000000,322.000000,490.000000,417.000000,
456.000000,322.000000,490.000000,416.000000,
457.000000,325.000000,490.000000,416.000000,
455.000000,329.000000,488.000000,418.000000,
454.000000,326.000000,488.000000,416.000000,
453.000000,328.000000,488.000000,420.000000,
452.000000,325.000000,489.000000,423.000000,
450.000000,325.000000,487.000000,422.000000,
452.000000,325.000000,487.000000,422.000000,
452.000000,328.000000,488.000000,424.000000,
454.000000,325.000000,488.000000,420.000000,
452.000000,325.000000,488.000000,421.000000,
454.000000,325.000000,490.000000,422.000000,
457.000000,330.000000,496.000000,422.000000,
456.000000,325.000000,493.000000,421.000000,
