372.000000,222.000000,504.000000,276.000000,
364.000000,222.000000,498.000000,277.000000,
363.000000,223.000000,490.000000,281.000000,
353.000000,222.000000,486.000000,287.000000,
352.000000,224.000000,485.000000,289.000000,
348.000000,221.000000,473.000000,288.000000,
344.000000,219.000000,466.000000,285.000000,
341.000000,227.000000,465.000000,287.000000,
338.000000,224.000000,461.000000,280.000000,
335.000000,222.000000,456.000000,278.000000,
334.000000,221.000000,444.000000,278.000000,
332.000000,224.000000,435.000000,284.000000,
331.000000,231.000000,430.000000,290.000000,
324.000000,229.000000,424.000000,290.000000,
322.000000,234.000000,422.000000,292.000000,
320.000000,223.000000,416.000000,285.000000,
319.000000,222.000000,422.000000,284.000000,
317.000000,221.000000,422.000000,285.000000,
314.000000,227.000000,427.000000,291.000000,
310.000000,227.000000,424.000000,288.000000,
307.000000,225.000000,416.000000,283.000000,
303.000000,223.000000,408.000000,276.000000,
300.000000,222.000000,407.000000,275.000000,
296.000000,227.000000,403.000000,280.000000,
281.000000,224.000000,384.000000,285.000000,
285.000000,224.000000,392.000000,285.000000,
279.000000,223.000000,382.000000,283.000000,
277.000000,220.000000,385.000000,284.000000,
273.000000,217.000000,371.000000,279.000000,
268.000000,216.000000,361.000000,276.000000,
262.000000,224.000000,342.000000,286.000000,
262.000000,228.000000,341.000000,286.000000,
254.000000,226.000000,335.000000,287.000000,
251.000000,224.000000,329.000000,279.000000,
241.000000,223.000000,322.000000,282.000000,
241.000000,224.000000,320.000000,282.000000,
242.000000,228.000000,319.000000,283.000000,
242.000000,228.000000,314.000000,279.000000,
236.000000,224.000000,309.000000,277.000000,
236.000000,224.000000,307.000000,274.000000,
231.000000,226.000000,301.000000,276.000000,
226.000000,226.000000,298.000000,275.000000,
217.000000,227.000000,287.000000,275.000000,
213.000000,227.000000,286.000000,277.000000,
209.000000,229.000000,277.000000,275.000000,
210.000000,225.000000,274.000000,268.000000,
210.000000,223.000000,277.000000,267.000000,
208.000000,220.000000,275.000000,265.000000,
207.000000,232.000000,275.000000,267.000000,
207.000000,232.000000,275.000000,266.000000,
203.000000,218.000000,275.000000,267.000000,
201.000000,219.000000,273.000000,266.000000,
194.000000,223.000000,271.000000,270.000000,
193.000000,225.000000,268.000000,270.000000,
188.000000,233.000000,265.000000,272.000000,
190.000000,229.000000,263.000000,269.000000,
213.000000,233.000000,263.000000,269.000000,
212.000000,233.000000,264.000000,276.000000,
217.000000,232.000000,265.000000,273.000000,
212.000000,232.000000,264.000000,278.000000,
218.000000,232.000000,252.000000,262.000000,
219.000000,234.000000,246.000000,256.000000,
NaN,NaN,NaN,NaN,
195.000000,220.000000,253.000000,283.000000,
220.000000,241.000000,249.000000,270.000000,
192.000000,236.000000,256.000000,285.000000,
180.000000,219.000000,242.000000,270.000000,
171.000000,204.000000,208.000000,256.000000,
183.000000,234.000000,217.000000,267.000000,
163.000000,215.000000,238.000000,267.000000,
191.000000,214.000000,245.000000,273.000000,
187.000000,219.000000,245.000000,279.000000,
186.000000,216.000000,264.000000,274.000000,
188.000000,217.000000,262.000000,272.000000,
191.000000,225.000000,264.000000,281.000000,
195.000000,228.000000,267.000000,287.000000,
196.000000,229.000000,264.000000,289.000000,
199.000000,231.000000,260.000000,291.000000,
183.000000,226.000000,260.000000,292.000000,
182.000000,229.000000,252.000000,289.000000,
182.000000,230.000000,254.000000,289.000000,
187.000000,221.000000,259.000000,279.000000,
183.000000,231.000000,261.000000,292.000000,
181.000000,234.000000,262.000000,293.000000,
186.000000,224.000000,263.000000,286.000000,
186.000000,222.000000,263.000000,283.000000,
186.000000,224.000000,264.000000,284.000000,
187.000000,242.000000,214.000000,270.000000,
186.000000,242.000000,217.000000,270.000000,
186.000000,220.000000,265.000000,281.000000,
189.000000,216.000000,264.000000,280.000000,
199.000000,212.000000,264.000000,272.000000,
193.000000,213.000000,263.000000,275.000000,
186.000000,218.000000,264.000000,281.000000,
187.000000,215.000000,264.000000,278.000000,
184.000000,225.000000,263.000000,289.000000,
214.000000,209.000000,262.000000,254.000000,
185.000000,224.000000,262.000000,289.000000,
189.000000,211.000000,263.000000,273.000000,
186.000000,217.000000,264.000000,281.000000,
186.000000,219.000000,265.000000,282.000000,
192.000000,216.000000,266.000000,280.000000,
185.000000,225.000000,266.000000,288.000000,
186.000000,219.000000,267.000000,283.000000,
186.000000,219.000000,266.000000,282.000000,
196.000000,211.000000,264.000000,268.000000,
197.000000,210.000000,263.000000,260.000000,
189.000000,213.000000,263.000000,271.000000,
191.000000,219.000000,265.000000,268.000000,
193.000000,223.000000,264.000000,262.000000,
204.000000,224.000000,255.000000,248.000000,
210.000000,220.000000,258.000000,243.000000,
197.000000,221.000000,262.000000,256.000000,
189.000000,228.000000,263.000000,270.000000,
185.000000,220.000000,264.000000,283.000000,
185.000000,220.000000,263.000000,282.000000,
188.000000,219.000000,261.000000,271.000000,
186.000000,224.000000,261.000000,286.000000,
186.000000,221.000000,263.000000,281.000000,
186.000000,225.000000,263.000000,286.000000,
184.000000,227.000000,264.000000,289.000000,
182.000000,231.000000,266.000000,289.000000,
146.000000,237.000000,265.000000,290.000000,
141.000000,231.000000,266.000000,289.000000,
152.000000,228.000000,264.000000,288.000000,
151.000000,225.000000,264.000000,286.000000,
155.000000,225.000000,264.000000,287.000000,
151.000000,224.000000,265.000000,285.000000,
151.000000,223.000000,264.000000,286.000000,
148.000000,219.000000,261.000000,287.000000,
154.000000,215.000000,278.000000,283.000000,
154.000000,214.000000,288.000000,281.000000,
170.000000,203.000000,306.000000,266.000000,
203.000000,206.000000,313.000000,266.000000,
209.000000,216.000000,315.000000,275.000000,
214.000000,217.000000,323.000000,279.000000,
224.000000,221.000000,331.000000,277.000000,
233.000000,222.000000,339.000000,271.000000,
246.000000,216.000000,350.000000,272.000000,
248.000000,215.000000,348.000000,274.000000,
261.000000,218.000000,352.000000,279.000000,
268.000000,222.000000,361.000000,281.000000,
273.000000,228.000000,370.000000,285.000000,
277.000000,233.000000,367.000000,286.000000,
285.000000,227.000000,375.000000,284.000000,
287.000000,228.000000,378.000000,288.000000,
294.000000,230.000000,381.000000,284.000000,
298.000000,226.000000,385.000000,286.000000,
298.000000,223.000000,392.000000,287.000000,
302.000000,223.000000,399.000000,289.000000,
324.000000,222.000000,402.000000,286.000000,
328.000000,223.000000,400.000000,289.000000,
330.000000,230.000000,402.000000,288.000000,
330.000000,227.000000,405.000000,288.000000,
335.000000,227.000000,405.000000,289.000000,
337.000000,226.000000,403.000000,288.000000,
